vesselCount = 0
UT = 1890.27999999857
gameMode = CAREER
gameNull = False
gameCompatible = True
funds = 93693.239988326997
science = 14
reputationPercent = 1
ongoingContracts = 0
saveMD5 = b4f7ef9e44906aaef93e26c8b65623af
